ext4_fileserver_thread
	10	20	30	40	50*	60	70	80	90	100
1.	2640	3169	2612	1355	895	762	755	484	772	604
2.	3172	3133	2382	1749	892	681	686	790	658	764
3.	2971	2844	2221	1190	840	628	779	747	652	664
4.	3144	2841	2288	1298	802	791	793	724	681	650
5.	3314	2877	2337	1257	855	649	630	916	780	749
6.	3457	3146	2380	1296	828	720	768	575	744	748
7.	3564	3179	2261	1316	796	774	735	783	739	830
8.	3282	3068	2275	1285	952	573	684	675	708	813
9.	3227	2781	2320	1578	937	713	841	754	803	739
10.	3371	2836	2263	1407	824	738	771	618	710	656

ext4_fileserver_files
	1k	2k	3k	4k	5k	6k	7k	8k	9k	10k*
1.	1058	1106	1114	1096	1124	1127	1001	890	845	701

ext4_fileserver_meandirwidth
	10	20*	30	40	50	60	70	80	90	100
1.	1148	799	1781	2042	2259	2900	3450	4607	4258	6107

ext4_fileserver_filesize
	x1*	x2	x3	x4	x5	x6	x7	x8	x9	x10
1.	540	161	108	76	55	55	50	44	54	41



xfs_fileserver_thread
	10	20	30	40	50*	60	70	80	90	100
1.	3638	3057	2369	1401	738	1132	991	817	574	801

xfs_fileserver_files
	1k	2k	3k	4k	5k	6k	7k	8k	9k	10k*
1.	1428	1487	1185	1170	1397	1491	1252	1482	1468	921

xfs_fileserver_meandirwidth
	10	20*	30	40	50	60	70	80	90	100
1.	836	1119	1779	2235	2529	2461	3285	4090	3881	5846

xfs_fileserver_filesize
	x1*	x2	x3	x4	x5	x6	x7	x8	x9	x10
1.	947	175	104	90	59	60	41	42	42	49






